{"name":"SimGroup_","class":"SimGroup","groupPosition":"0 0 0"}
{"class":"TSStatic","__parent":"SimGroup_","position":[939.877197,-128.426102,148.110291],"isRenderEnabled":false,"rotationMatrix":[-0.862669587,0.505767703,2.32830644e-10,-0.50571382,-0.862577558,0.0145984171,0.00738340802,0.0125936111,0.999893427],"shapeName":"/levels/west_coast_usa/art/shapes/objects/constructionbarrier.dae","useInstanceRenderData":true}
{"class":"TSStatic","__parent":"SimGroup_","position":[938.511108,-131.783096,148.166992],"isRenderEnabled":false,"rotationMatrix":[-0.948107719,0.317948759,0,-0.317924321,-0.948035002,0.0123917935,0.0039399555,0.0117487581,0.999923229],"shapeName":"/levels/west_coast_usa/art/shapes/objects/constructionbarrier.dae","useInstanceRenderData":true}
{"class":"TSStatic","__parent":"SimGroup_","position":[937.416199,-135.242462,148.241714],"isRenderEnabled":false,"rotationMatrix":[-0.958160639,0.286231995,-0.000437600538,-0.28616643,-0.957906127,0.0229216348,0.00614172406,0.0220878255,0.999737144],"shapeName":"/levels/west_coast_usa/art/shapes/objects/constructionbarrier.dae","useInstanceRenderData":true}
{"class":"TSStatic","__parent":"SimGroup_","position":[936.399841,-138.721893,148.312531],"isRenderEnabled":false,"rotationMatrix":[-0.957065463,0.289872408,-4.65661287e-10,-0.289780259,-0.956761122,0.0252164938,0.00730956485,0.0241338313,0.999682009],"shapeName":"/levels/west_coast_usa/art/shapes/objects/constructionbarrier.dae","useInstanceRenderData":true}
{"class":"TSStatic","__parent":"SimGroup_","position":[935.306274,-142.170517,148.393494],"isRenderEnabled":false,"rotationMatrix":[-0.953785658,0.300486743,0,-0.300410092,-0.953542352,0.0225857515,0.00678672036,0.0215419736,0.999744892],"shapeName":"/levels/west_coast_usa/art/shapes/objects/constructionbarrier.dae","useInstanceRenderData":true}
{"class":"TSStatic","__parent":"SimGroup_","position":[934.25,-145.632736,148.502838],"isRenderEnabled":false,"rotationMatrix":[-0.955406308,0.295294315,-2.16150656e-05,-0.295195311,-0.955084085,0.0259603932,0.00764531177,0.0248091035,0.999662995],"shapeName":"/levels/west_coast_usa/art/shapes/objects/constructionbarrier.dae","useInstanceRenderData":true}
{"class":"TSStatic","__parent":"SimGroup_","position":[940.919006,-126.925575,148.084],"isRenderEnabled":false,"rotationMatrix":[-0.765493631,0.643443227,4.65661287e-10,-0.643406272,-0.765449643,0.0107090417,0.00689066108,0.00819770433,0.99994266],"shapeName":"/levels/west_coast_usa/art/shapes/objects/constructionbarrier.dae","useInstanceRenderData":true}
{"class":"TSStatic","__parent":"SimGroup_","position":[943.229736,-124.157135,148.058746],"isRenderEnabled":false,"rotationMatrix":[-0.765493751,0.643443286,-4.65661287e-10,-0.643334925,-0.765364885,0.018348163,0.0118060019,0.0140454043,0.999831676],"shapeName":"/levels/west_coast_usa/art/shapes/objects/constructionbarrier.dae","useInstanceRenderData":true}
{"class":"TSStatic","__parent":"SimGroup_","position":[945.485168,-121.324265,148.023682],"isRenderEnabled":false,"rotationMatrix":[-0.790192246,0.612858832,6.34947792e-05,-0.612842858,-0.790172458,0.00713572465,0.00442336407,0.00559968315,0.999974549],"shapeName":"/levels/west_coast_usa/art/shapes/objects/constructionbarrier.dae","useInstanceRenderData":true}
{"class":"TSStatic","__parent":"SimGroup_","position":[947.670898,-118.440498,147.989304],"isRenderEnabled":false,"rotationMatrix":[-0.799178123,0.601093829,-1.62504148e-05,-0.601080596,-0.799160242,0.00665871147,0.00398952421,0.00533126574,0.999977827],"shapeName":"/levels/west_coast_usa/art/shapes/objects/constructionbarrier.dae","useInstanceRenderData":true}
{"class":"TSStatic","__parent":"SimGroup_","position":[949.799377,-115.526276,147.955963],"isRenderEnabled":false,"rotationMatrix":[-0.810976863,0.585078001,2.32830644e-10,-0.585042477,-0.81092751,0.0110283438,0.00645244215,0.00894373283,0.999939203],"shapeName":"/levels/west_coast_usa/art/shapes/objects/constructionbarrier.dae","useInstanceRenderData":true}
{"class":"TSStatic","__parent":"SimGroup_","position":[951.848328,-112.543877,147.927124],"isRenderEnabled":false,"rotationMatrix":[-0.834468246,0.551056027,0.000229703961,-0.551022649,-0.834422112,0.0106603066,0.00606609602,0.0087691145,0.999943137],"shapeName":"/levels/west_coast_usa/art/shapes/objects/constructionbarrier.dae","useInstanceRenderData":true}
{"class":"TSStatic","__parent":"SimGroup_","position":[939.100159,-130.06897,148.133423],"isRenderEnabled":false,"rotationMatrix":[-0.938462973,0.345379144,2.32830644e-10,-0.345358461,-0.938406706,0.0109492522,0.00378164416,0.0102754701,0.999940038],"shapeName":"/levels/west_coast_usa/art/shapes/objects/constructionbarrier.dae","useInstanceRenderData":true}
{"class":"TSStatic","__parent":"SimGroup_","position":[937.937439,-133.519745,148.204407],"isRenderEnabled":false,"rotationMatrix":[-0.953953147,0.299956053,2.32830644e-10,-0.299890846,-0.953745842,0.0208466984,0.00625309255,0.0198867694,0.999782681],"shapeName":"/levels/west_coast_usa/art/shapes/objects/constructionbarrier.dae","useInstanceRenderData":true}
{"class":"TSStatic","__parent":"SimGroup_","position":[936.912598,-136.981659,148.273804],"isRenderEnabled":false,"rotationMatrix":[-0.960193992,0.27933386,4.65661287e-10,-0.279273242,-0.959985495,0.0208366364,0.00582037913,0.0200072154,0.99978292],"shapeName":"/levels/west_coast_usa/art/shapes/objects/constructionbarrier.dae","useInstanceRenderData":true}
{"class":"TSStatic","__parent":"SimGroup_","position":[935.860535,-140.455338,148.35321],"isRenderEnabled":false,"rotationMatrix":[-0.952638507,0.304104507,9.31322575e-10,-0.304054558,-0.952481985,0.0181277245,0.00551272416,0.0172691718,0.99983567],"shapeName":"/levels/west_coast_usa/art/shapes/objects/constructionbarrier.dae","useInstanceRenderData":true}
{"class":"TSStatic","__parent":"SimGroup_","position":[934.779297,-143.890228,148.432205],"isRenderEnabled":false,"rotationMatrix":[-0.955620408,0.294600695,9.31322575e-10,-0.294526249,-0.95537889,0.0224810727,0.00662294077,0.0214833729,0.999747276],"shapeName":"/levels/west_coast_usa/art/shapes/objects/constructionbarrier.dae","useInstanceRenderData":true}
{"class":"TSStatic","__parent":"SimGroup_","position":[942.068604,-125.540642,148.076294],"isRenderEnabled":false,"rotationMatrix":[-0.765493512,0.643443227,2.32830644e-10,-0.643404841,-0.765447974,0.0109168738,0.00702438969,0.00835679844,0.999940395],"shapeName":"/levels/west_coast_usa/art/shapes/objects/constructionbarrier.dae","useInstanceRenderData":true}
{"class":"TSStatic","__parent":"SimGroup_","position":[944.370667,-122.747902,148.040649],"isRenderEnabled":false,"rotationMatrix":[-0.784376025,0.620285869,0.000159684569,-0.620247722,-0.784330606,0.0108886966,0.00687934877,0.00844178628,0.999940693],"shapeName":"/levels/west_coast_usa/art/shapes/objects/constructionbarrier.dae","useInstanceRenderData":true}
{"class":"TSStatic","__parent":"SimGroup_","position":[946.58551,-119.883781,148.006927],"isRenderEnabled":false,"rotationMatrix":[-0.798343539,0.602201998,5.29908575e-05,-0.602197826,-0.798338294,0.00365014491,0.0022404294,0.00288215908,0.999993324],"shapeName":"/levels/west_coast_usa/art/shapes/objects/constructionbarrier.dae","useInstanceRenderData":true}
{"class":"TSStatic","__parent":"SimGroup_","position":[948.741943,-116.9879,147.973068],"isRenderEnabled":false,"rotationMatrix":[-0.805987716,0.59193182,9.98653704e-05,-0.591924787,-0.805978894,0.00473267259,0.00288190925,0.0037553641,0.999988794],"shapeName":"/levels/west_coast_usa/art/shapes/objects/constructionbarrier.dae","useInstanceRenderData":true}
{"class":"TSStatic","__parent":"SimGroup_","position":[950.838379,-114.04245,147.94101],"isRenderEnabled":false,"rotationMatrix":[-0.82019031,0.572090387,0.00012009684,-0.572073221,-0.820167303,0.00757961301,0.00443472341,0.00614802307,0.999971271],"shapeName":"/levels/west_coast_usa/art/shapes/objects/constructionbarrier.dae","useInstanceRenderData":true}
{"class":"TSStatic","__parent":"SimGroup_","position":[937.293762,-149.428833,148.576996],"isRenderEnabled":false,"rotationMatrix":[0.189596951,0.981413007,-0.029687915,-0.981845737,0.189680576,0,0.00563121866,0.0291489568,0.999559224],"shapeName":"/levels/west_coast_usa/art/shapes/objects/excavator.dae","useInstanceRenderData":true}
{"class":"TSStatic","__parent":"SimGroup_","position":[942.44165,-133.36795,148.218338],"isRenderEnabled":false,"rotationMatrix":[-0.972212195,0.234103337,-1.16415322e-10,-0.234088466,-0.972150326,0.0112748165,0.00263947155,0.0109615084,0.999936461],"shapeName":"/levels/west_coast_usa/art/shapes/objects/construction_sign_big_b.DAE","useInstanceRenderData":true}
{"class":"TSStatic","__parent":"SimGroup_","position":[941.362488,-129.220413,148.13504],"isRenderEnabled":false,"rotationMatrix":[-0.151554227,0.988177896,-0.0231517348,-0.988442779,-0.151594877,9.31322575e-10,-0.00350967981,0.022884164,0.999731958],"shapeName":"/levels/west_coast_usa/art/shapes/objects/arrowboard_R.dae","useInstanceRenderData":true}
{"class":"TSStatic","__parent":"SimGroup_","position":[946.955994,-124.03894,148.058441],"isRenderEnabled":false,"rotationMatrix":[-0.15157783,0.988330722,-0.0150644127,-0.988442898,-0.151594996,1.39698386e-09,-0.00228368538,0.0148903094,0.999886513],"shapeName":"/levels/west_coast_usa/art/shapes/objects/arrowboard_R.dae","useInstanceRenderData":true}
